20070104
20070105
20070108
20070109
20070110
20070111
20070112
20070115
20070116
20070117
20070118
20070119
20070122
20070123
20070124
20070125
20070126
20070129
20070130
20070131
20070201
20070202
20070205
20070206
20070207
20070208
20070209
20070212
20070213
20070214
20070215
20070216
20070226
20070227
20070228
20070301
20070302
20070305
20070306
20070307
20070308
20070309
20070312
20070313
20070314
20070315
20070316
20070319
20070320
20070321
20070322
20070323
20070326
20070327
20070328
20070329
20070330
20070402
20070403
20070404
20070405
20070406
20070409
20070410
20070411
20070412
20070413
20070416
20070417
20070418
20070419
20070420
20070423
20070424
20070425
20070426
20070427
20070430
20070508
20070509
20070510
20070511
20070514
20070515
20070516
20070517
20070518
20070521
20070522
20070523
20070524
20070525
20070528
20070529
20070530
20070531
20070601
20070604
20070605
20070606
20070607
20070608
20070611
20070612
20070613
20070614
20070615
20070618
20070619
20070620
20070621
20070622
20070625
20070626
20070627
20070628
20070629
20070702
20070703
20070704
20070705
20070706
20070709
20070710
20070711
20070712
20070713
20070716
20070717
20070718
20070719
20070720
20070723
20070724
20070725
20070726
20070727
20070730
20070731
20070801
20070802
20070803
20070806
20070807
20070808
20070809
20070810
20070813
20070814
20070815
20070816
20070817
20070820
20070821
20070822
20070823
20070824
20070827
20070828
20070829
20070830
20070831
20070903
20070904
20070905
20070906
20070907
20070910
20070911
20070912
20070913
20070914
20070917
20070918
20070919
20070920
20070921
20070924
20070925
20070926
20070927
20070928
20071008
20071009
20071010
20071011
20071012
20071015
20071016
20071017
20071018
20071019
20071022
20071023
20071024
20071025
20071026
20071029
20071030
20071031
20071101
20071102
20071105
20071106
20071107
20071108
20071109
20071112
20071113
20071114
20071115
20071116
20071119
20071120
20071121
20071122
20071123
20071126
20071127
20071128
20071129
20071130
20071203
20071204
20071205
20071206
20071207
20071210
20071211
20071212
20071213
20071214
20071217
20071218
20071219
20071220
20071221
20071224
20071225
20071226
20071227
20071228
20080102
20080103
20080104
20080107
20080108
20080109
20080110
20080111
20080114
20080115
20080116
20080117
20080118
20080121
20080122
20080123
20080124
20080125
20080128
20080129
20080130
20080131
20080201
20080204
20080205
20080213
20080214
20080215
20080218
20080219
20080220
20080221
20080222
20080225
20080226
20080227
20080228
20080229
20080303
20080304
20080305
20080306
20080307
20080310
20080311
20080312
20080313
20080314
20080317
20080318
20080319
20080320
20080321
20080324
20080325
20080326
20080327
20080328
20080331
20080401
20080402
20080403
20080407
20080408
20080409
20080410
20080411
20080414
20080415
20080416
20080417
20080418
20080421
20080422
20080423
20080424
20080425
20080428
20080429
20080430
20080505
20080506
20080507
20080508
20080509
20080512
20080513
20080514
20080515
20080516
20080519
20080520
20080521
20080522
20080523
20080526
20080527
20080528
20080529
20080530
20080602
20080603
20080604
20080605
20080606
20080610
20080611
20080612
20080613
20080616
20080617
20080618
20080619
20080620
20080623
20080624
20080625
20080626
20080627
20080630
20080701
20080702
20080703
20080704
20080707
20080708
20080709
20080710
20080711
20080714
20080715
20080716
20080717
20080718
20080721
20080722
20080723
20080724
20080725
20080728
20080729
20080730
20080731
20080801
20080804
20080805
20080806
20080807
20080808
20080811
20080812
20080813
20080814
20080815
20080818
20080819
20080820
20080821
20080822
20080825
20080826
20080827
20080828
20080829
20080901
20080902
20080903
20080904
20080905
20080908
20080909
20080910
20080911
20080912
20080916
20080917
20080918
20080919
20080922
20080923
20080924
20080925
20080926
20081006
20081007
20081008
20081009
20081010
20081013
20081014
20081015
20081016
20081017
20081020
20081021
20081022
20081023
20081024
20081027
20081028
20081029
20081030
20081031
20081103
20081104
20081105
20081106
20081107
20081110
20081111
20081112
20081113
20081114
20081117
20081118
20081119
20081120
20081121
20081124
20081125
20081126
20081127
20081128
20081201
20081202
20081203
20081204
20081205
20081208
20081209
20081210
20081211
20081212
20081215
20081216
20081217
20081218
20081219
20081222
20081223
20081224
20081225
20081226
20081229
20081230
20081231
20090105
20090106
20090107
20090108
20090109
20090112
20090113
20090114
20090115
20090116
20090119
20090120
20090121
20090122
20090123
20090202
20090203
20090204
20090205
20090206
20090209
20090210
20090211
20090212
20090213
20090216
20090217
20090218
20090219
20090220
20090223
20090224
20090225
20090226
20090227
20090302
20090303
20090304
20090305
20090306
20090309
20090310
20090311
20090312
20090313
20090316
20090317
20090318
20090319
20090320
20090323
20090324
20090325
20090326
20090327
20090330
20090331
20090401
20090402
20090403
20090407
20090408
20090409
20090410
20090413
20090414
20090415
20090416
20090417
20090420
20090421
20090422
20090423
20090424
20090427
20090428
20090429
20090430
20090504
20090505
20090506
20090507
20090508
20090511
20090512
20090513
20090514
20090515
20090518
20090519
20090520
20090521
20090522
20090525
20090526
20090527
20090601
20090602
20090603
20090604
20090605
20090608
20090609
20090610
20090611
20090612
20090615
20090616
20090617
20090618
20090619
20090622
20090623
20090624
20090625
20090626
20090629
20090630
20090701
20090702
20090703
20090706
20090707
20090708
20090709
20090710
20090713
20090714
20090715
20090716
20090717
20090720
20090721
20090722
20090723
20090724
20090727
20090728
20090729
20090730
20090731
20090803
20090804
20090805
20090806
20090807
20090810
20090811
20090812
20090813
20090814
20090817
20090818
20090819
20090820
20090821
20090824
20090825
20090826
20090827
20090828
20090831
20090901
20090902
20090903
20090904
20090907
20090908
20090909
20090910
20090911
20090914
20090915
20090916
20090917
20090918
20090921
20090922
20090923
20090924
20090925
20090928
20090929
20090930
20091009
20091012
20091013
20091014
20091015
20091016
20091019
20091020
20091021
20091022
20091023
20091026
20091027
20091028
20091029
20091030
20091102
20091103
20091104
20091105
20091106
20091109
20091110
20091111
20091112
20091113
20091116
20091117
20091118
20091119
20091120
20091123
20091124
20091125
20091126
20091127
20091130
20091201
20091202
20091203
20091204
20091207
20091208
20091209
20091210
20091211
20091214
20091215
20091216
20091217
20091218
20091221
20091222
20091223
20091224
20091225
20091228
20091229
20091230
20091231
20100104
20100105
20100106
20100107
20100108
20100111
20100112
20100113
20100114
20100115
20100118
20100119
20100120
20100121
20100122
20100125
20100126
20100127
20100128
20100129
20100201
20100202
20100203
20100204
20100205
20100208
20100209
20100210
20100211
20100212
20100222
20100223
20100224
20100225
20100226
20100301
20100302
20100303
20100304
20100305
20100308
20100309
20100310
20100311
20100312
20100315
20100316
20100317
20100318
20100319
20100322
20100323
20100324
20100325
20100326
20100329
20100330
20100331
20100401
20100402
20100406
20100407
20100408
20100409
20100412
20100413
20100414
20100415
20100416
20100419
20100420
20100421
20100422
20100423
20100426
20100427
20100428
20100429
20100430
20100504
20100505
20100506
20100507
20100510
20100511
20100512
20100513
20100514
20100517
20100518
20100519
20100520
20100521
20100524
20100525
20100526
20100527
20100528
20100531
20100601
20100602
20100603
20100604
20100607
20100608
20100609
20100610
20100611
20100617
20100618
20100621
20100622
20100623
20100624
20100625
20100628
20100629
20100630
20100701
20100702
20100705
20100706
20100707
20100708
20100709
20100712
20100713
20100714
20100715
20100716
20100719
20100720
20100721
20100722
20100723
20100726
20100727
20100728
20100729
20100730
20100802
20100803
20100804
20100805
20100806
20100809
20100810
20100811
20100812
20100813
20100816
20100817
20100818
20100819
20100820
20100823
20100824
20100825
20100826
20100827
20100830
20100831
20100901
20100902
20100903
20100906
20100907
20100908
20100909
20100910
20100913
20100914
20100915
20100916
20100917
20100920
20100921
20100927
20100928
20100929
20100930
20101008
20101011
20101012
20101013
20101014
20101015
20101018
20101019
20101020
20101021
20101022
20101025
20101026
20101027
20101028
20101029
20101101
20101102
20101103
20101104
20101105
20101108
20101109
20101110
20101111
20101112
20101115
20101116
20101117
20101118
20101119
20101122
20101123
20101124
20101125
20101126
20101129
20101130
20101201
20101202
20101203
20101206
20101207
20101208
20101209
20101210
20101213
20101214
20101215
20101216
20101217
20101220
20101221
20101222
20101223
20101224
20101227
20101228
20101229
20101230
20101231
20110104
20110105
20110106
20110107
20110110
20110111
20110112
20110113
20110114
20110117
20110118
20110119
20110120
20110121
20110124
20110125
20110126
20110127
20110128
20110131
20110201
20110209
20110210
20110211
20110214
20110215
20110216
20110217
20110218
20110221
20110222
20110223
20110224
20110225
20110228
20110301
20110302
20110303
20110304
20110307
20110308
20110309
20110310
20110311
20110314
20110315
20110316
20110317
20110318
20110321
20110322
20110323
20110324
20110325
20110328
20110329
20110330
20110331
20110401
20110406
20110407
20110408
20110411
20110412
20110413
20110414
20110415
20110418
20110419
20110420
20110421
20110422
20110425
20110426
20110427
20110428
20110429
20110503
20110504
20110505
20110506
20110509
20110510
20110511
20110512
20110513
20110516
20110517
20110518
20110519
20110520
20110523
20110524
20110525
20110526
20110527
20110530
20110531
20110601
20110602
20110603
20110607
20110608
20110609
20110610
20110613
20110614
20110615
20110616
20110617
20110620
20110621
20110622
20110623
20110624
20110627
20110628
20110629
20110630
20110701
20110704
20110705
20110706
20110707
20110708
20110711
20110712
20110713
20110714
20110715
20110718
20110719
20110720
20110721
20110722
20110725
20110726
20110727
20110728
20110729
20110801
20110802
20110803
20110804
20110805
20110808
20110809
20110810
20110811
20110812
20110815
20110816
20110817
20110818
20110819
20110822
20110823
20110824
20110825
20110826
20110829
20110830
20110831
20110901
20110902
20110905
20110906
20110907
20110908
20110909
20110913
20110914
20110915
20110916
20110919
20110920
20110921
20110922
20110923
20110926
20110927
20110928
20110929
20110930
20111010
20111011
20111012
20111013
20111014
20111017
20111018
20111019
20111020
20111021
20111024
20111025
20111026
20111027
20111028
20111031
20111101
20111102
20111103
20111104
20111107
20111108
20111109
20111110
20111111
20111114
20111115
20111116
20111117
20111118
20111121
20111122
20111123
20111124
20111125
20111128
20111129
20111130
20111201
20111202
20111205
20111206
20111207
20111208
20111209
20111212
20111213
20111214
20111215
20111216
20111219
20111220
20111221
20111222
20111223
20111226
20111227
20111228
20111229
20111230
20120104
20120105
20120106
20120109
20120110
20120111
20120112
20120113
20120116
20120117
20120118
20120119
20120120
20120130
20120131
20120201
20120202
20120203
20120206
20120207
20120208
20120209
20120210
20120213
20120214
20120215
20120216
20120217
20120220
20120221
20120222
20120223
20120224
20120227
20120228
20120229
20120301
20120302
20120305
20120306
20120307
20120308
20120309
20120312
20120313
20120314
20120315
20120316
20120319
20120320
